 0.00000   6.50000   1.0
-0.00000  -6.50000   0.0
 1.25527   6.31393   1.0
-1.25527  -6.31393   0.0
 2.43843   5.89022   1.0
-2.43843  -5.89022   0.0
 3.50547   5.24970   1.0
-3.50547  -5.24970   0.0
 4.41766   4.42118   1.0
-4.41766  -4.42118   0.0
 5.14301   3.44015   1.0
-5.14301  -3.44015   0.0
 5.65736   2.34732   1.0
-5.65736  -2.34732   0.0
 5.94519   1.18688   1.0
-5.94519  -1.18688   0.0
 6.00000   0.00478   1.0
-6.00000  -0.00478   0.0
 5.82445  -1.15313   1.0
-5.82445   1.15313   0.0
 5.43003  -2.24286   1.0
-5.43003   2.24286   0.0
 4.83645  -3.22396   1.0
-4.83645   3.22396   0.0
 4.07072  -4.06100   1.0
-4.07072   4.06100   0.0
 3.16592  -4.72489   1.0
-3.16592   4.72489   0.0
 2.15983  -5.19382   1.0
-2.15983   5.19382   0.0
 1.09333  -5.45399   1.0
-1.09333   5.45399   0.0
 0.00876  -5.49999   1.0
-0.00876   5.49999   0.0
-1.05178  -5.33481   1.0
 1.05178   5.33481   0.0
-2.04802  -4.96953   1.0
 2.04802   4.96953   0.0
-2.94311  -4.42276   1.0
 2.94311   4.42276   0.0
-3.70491  -3.71969   1.0
 3.70491   3.71969   0.0
-4.30721  -2.89103   1.0
 4.30721   2.89103   0.0
-4.73058  -1.97162   1.0
 4.73058   1.97162   0.0
-4.96295  -0.99901   1.0
 4.96295   0.99901   0.0
-4.99999  -0.01194   1.0
 4.99999   0.01194   0.0
-4.84501   0.95120   1.0
 4.84501  -0.95120   0.0
-4.50873   1.85392   1.0
 4.50873  -1.85392   0.0
-4.00862   2.66292   1.0
 4.00862  -2.66292   0.0
-3.36811   3.34938   1.0
 3.36811  -3.34938   0.0
-2.61548   3.88998   1.0
 2.61548  -3.88998   0.0
-1.78266   4.26764   1.0
 1.78266  -4.26764   0.0
-0.90390   4.47206   1.0
 0.90390  -4.47206   0.0
-0.01433   4.49998   1.0
 0.01433  -4.49998   0.0
 0.85141   4.35505   1.0
-0.85141  -4.35505   0.0
 1.66055   4.04762   1.0
-1.66055  -4.04762   0.0
 2.38339   3.59404   1.0
-2.38339  -3.59404   0.0
 2.99442   3.01595   1.0
-2.99442  -3.01595   0.0
 3.47319   2.33926   1.0
-3.47319  -2.33926   0.0
 3.80500   1.59297   1.0
-3.80500  -1.59297   0.0
 3.98133   0.80802   1.0
-3.98133  -0.80802   0.0
 3.99997   0.01593   1.0
-3.99997  -0.01593   0.0
 3.86494  -0.75240   1.0
-3.86494   0.75240   0.0
 3.58620  -1.46792   1.0
-3.58620   1.46792   0.0
 3.17901  -2.10452   1.0
-3.17901   2.10452   0.0
 2.66324  -2.64001   1.0
-2.66324   2.64001   0.0
 2.06238  -3.05684   1.0
-2.06238   3.05684   0.0
 1.40255  -3.34268   1.0
-1.40255   3.34268   0.0
 0.71135  -3.49076   1.0
-0.71135   3.49076   0.0
 0.01672  -3.49996   1.0
-0.01672   3.49996   0.0
-0.65417  -3.37468   1.0
 0.65417   3.37468   0.0
-1.27602  -3.12448   1.0
 1.27602   3.12448   0.0
-1.82632  -2.76355   1.0
 1.82632   2.76355   0.0
-2.28617  -2.30996   1.0
 2.28617   2.30996   0.0
-2.64093  -1.78484   1.0
 2.64093   1.78484   0.0
-2.88065  -1.21139   1.0
 2.88065   1.21139   0.0
-3.00034  -0.61390   1.0
 3.00034   0.61390   0.0
-2.99995  -0.01672   1.0
 2.99995   0.01672   0.0
-2.88426   0.55672   1.0
 2.88426  -0.55672   0.0
-2.66246   1.08486   1.0
 2.66246  -1.08486   0.0
-2.34764   1.54878   1.0
 2.34764  -1.54878   0.0
-1.95612   1.93290   1.0
 1.95612  -1.93290   0.0
-1.50664   2.22547   1.0
 1.50664  -2.22547   0.0
-1.01949   2.41894   1.0
 1.01949  -2.41894   0.0
-0.51567   2.51008   1.0
 0.51567  -2.51008   0.0
-0.01593   2.49995   1.0
 0.01593  -2.49995   0.0
 0.46005   2.39369   1.0
-0.46005  -2.39369   0.0
 0.89444   2.20014   1.0
-0.89444  -2.20014   0.0
 1.27190   1.93130   1.0
-1.27190  -1.93130   0.0
 1.58018   1.60172   1.0
-1.58018  -1.60172   0.0
 1.81045   1.22777   1.0
-1.81045  -1.22777   0.0
 1.95753   0.82686   1.0
-1.95753  -0.82686   0.0
 2.01998   0.41666   1.0
-2.01998  -0.41666   0.0
 1.99995   0.01433   1.0
-1.99995  -0.01433   0.0
 1.90297  -0.36417   1.0
-1.90297   0.36417   0.0
 1.73751  -0.70475   1.0
-1.73751   0.70475   0.0
 1.51451  -0.99569   1.0
-1.51451   0.99569   0.0
 1.24676  -1.22804   1.0
-1.24676   1.22804   0.0
 0.94825  -1.39588   1.0
-0.94825   1.39588   0.0
 0.63350  -1.49643   1.0
-0.63350   1.49643   0.0
 0.31687  -1.53003   1.0
-0.31687   1.53003   0.0
 0.01194  -1.49995   1.0
-0.01194   1.49995   0.0
-0.26907  -1.41209   1.0
 0.26907   1.41209   0.0
-0.51580  -1.27459   1.0
 0.51580   1.27459   0.0
-0.72014  -1.09729   1.0
 0.72014   1.09729   0.0
-0.87646  -0.89124   1.0
 0.87646   0.89124   0.0
-0.98175  -0.66807   1.0
 0.98175   0.66807   0.0
-1.03564  -0.43940   1.0
 1.03564   0.43940   0.0
-1.04025  -0.21630   1.0
 1.04025   0.21630   0.0
-0.99996  -0.00876   1.0
 0.99996   0.00876   0.0
-0.92107   0.17474   1.0
 0.92107  -0.17474   0.0
-0.81136   0.32759   1.0
 0.81136  -0.32759   0.0
-0.67963   0.44526   1.0
 0.67963  -0.44526   0.0
-0.53516   0.52545   1.0
 0.53516  -0.52545   0.0
-0.38723   0.56808   1.0
 0.38723  -0.56808   0.0
-0.24457   0.57516   1.0
 0.24457  -0.57516   0.0
-0.11495   0.55063   1.0
 0.11495  -0.55063   0.0
-0.00478   0.49998   1.0
 0.00478  -0.49998   0.0